110,00  0,55  110,55
65,00  0,18  65,18
100,00  0,31  100,31
65,00  1,01  66,01
80,00  0,48  80,48
85,00  2,54  87,54
90,00  0,25  90,25
100,00  0,35  100,35
85,00  0,27  85,27
75,00  1,25  76,25
55,00  1,87  56,87
55,00  0,12  55,12
100,00  0,21  100,21
85,00  1,47  86,47
85,00  0,20  85,20
145,00  2,69  147,69
125,00  0,74  125,74
60,00  0,91  60,91
80,00  0,19  80,19
120,00  0,58  120,58
105,00  0,23  105,23
105,00  0,24  105,24
80,00  0,24  80,24
90,00  0,71  90,71
145,00  0,96  145,96
60,00  0,69  60,69
100,00  0,45  100,45
110,00  1,82  111,82
120,00  0,50  120,50
70,00  1,29  71,29
