60,00  1,55  61,55
60,00  2,00  62,00
65,00  1,82  66,82
75,00  0,98  75,98
65,00  0,75  65,75
60,00  1,26  61,26
65,00  2,57  67,57
70,00  1,93  71,93
70,00  1,99  71,99
60,00  2,44  62,44
70,00  3,45  73,45
60,00  1,87  61,87
60,00  1,98  61,98
65,00  1,57  66,57
70,00  1,69  71,69
60,00  1,10  61,10
60,00  2,11  62,11
70,00  1,22  71,22
60,00  1,65  61,65
55,00  2,13  57,13
55,00  1,41  56,41
70,00  1,58  71,58
70,00  1,09  71,09
70,00  1,98  71,98
60,00  2,00  62,00
65,00  2,18  67,18
60,00  1,50  61,50
60,00  2,31  62,30
65,00  2,02  67,02
65,00  1,81  66,81
