70,00  3,40  73,40
60,00  1,76  61,76
55,00  1,90  56,90
60,00  2,92  62,92
65,00  3,50  68,50
65,00  4,27  69,27
55,00  2,82  57,82
60,00  2,15  62,15
60,00  2,31  62,31
60,00  3,71  63,71
65,00  2,21  67,20
70,00  6,05  76,05
60,00  4,14  64,14
55,00  2,86  57,86
65,00  2,10  67,10
65,00  1,99  66,99
65,00  3,60  68,60
55,00  2,57  57,57
70,00  2,63  72,63
60,00  1,71  61,71
60,00  2,37  62,37
65,00  3,67  68,67
60,00  2,91  62,91
70,00  1,62  71,62
65,00  3,39  68,39
75,00  2,20  77,20
65,00  2,77  67,77
65,00  2,99  67,99
70,00  2,43  72,43
60,00  2,17  62,17